{
  "advancedEditorSelectedIdentifier" : "ProjectBrowser",
  "openSceneRelativePaths" : [
    "Stick.usda",
    "Scene.usda"
  ],
  "recentIdentifiers" : {
    "AF09ED6F-1707-48FD-8720-65B998362C09" : [

    ]
  },
  "sceneCameraHistory" : {
    "89B8E518-38EE-497D-AA3A-70A06EC9146E" : [
      {
        "date" : 729939190.867371,
        "title" : "Untitled",
        "transform" : [
          1,
          0,
          0,
          0,
          0,
          0.86602557,
          -0.4999997,
          0,
          0,
          0.4999997,
          0.86602557,
          0,
          0.35505852,
          0.5392267,
          0.9266896,
          1
        ]
      },
      {
        "date" : 729939188.397225,
        "title" : "Untitled",
        "transform" : [
          1,
          0,
          0,
          0,
          0,
          0.86602557,
          -0.4999997,
          0,
          0,
          0.4999997,
          0.86602557,
          0,
          0.35505852,
          0.7792707,
          1.3424585,
          1
        ]
      },
      {
        "date" : 729939173.543517,
        "title" : "Untitled",
        "transform" : [
          1,
          0,
          -0,
          0,
          -0,
          0.86602557,
          -0.4999997,
          0,
          0,
          0.4999997,
          0.86602557,
          0,
          0.22947854,
          0.56042355,
          0.8746901,
          1
        ]
      }
    ],
    "AF09ED6F-1707-48FD-8720-65B998362C09" : [
      {
        "date" : 729939168.830401,
        "title" : "Untitled",
        "transform" : [
          0,
          0,
          0,
          0,
          0,
          0,
          0,
          0,
          0,
          0,
          0,
          0,
          0,
          0,
          0,
          0
        ]
      },
      {
        "date" : 729939130.639018,
        "title" : "Untitled",
        "transform" : [
          0.9293715,
          -1.9518385e-09,
          -0.36914596,
          0,
          -0.0058252057,
          0.9998755,
          -0.014665694,
          0,
          0.3691,
          0.01578023,
          0.9292557,
          0,
          0.65625966,
          0.06347267,
          0.39636377,
          1
        ]
      },
      {
        "date" : 729939122.064633,
        "title" : "Untitled",
        "transform" : [
          0.9293715,
          -1.9518385e-09,
          -0.36914596,
          0,
          -0.0058252057,
          0.9998755,
          -0.014665694,
          0,
          0.3691,
          0.01578023,
          0.9292557,
          0,
          0.53754383,
          0.2756206,
          0.4399153,
          1
        ]
      },
      {
        "date" : 729939116.531391,
        "title" : "Untitled",
        "transform" : [
          0.9293715,
          -1.9518385e-09,
          -0.36914596,
          0,
          -0.0058252057,
          0.9998755,
          -0.014665694,
          0,
          0.3691,
          0.01578023,
          0.9292557,
          0,
          0.585568,
          0.3696829,
          0.4192428,
          1
        ]
      },
      {
        "date" : 729939065.819407,
        "title" : "Untitled",
        "transform" : [
          0.9293715,
          -1.9518385e-09,
          -0.36914596,
          0,
          -0.0058252057,
          0.9998755,
          -0.014665694,
          0,
          0.3691,
          0.01578023,
          0.9292557,
          0,
          0.6562597,
          0.06347275,
          0.3963641,
          1
        ]
      },
      {
        "date" : 729939060.653717,
        "title" : "Untitled",
        "transform" : [
          0.9293715,
          -1.9518385e-09,
          -0.36914596,
          0,
          -0.0058252057,
          0.9998755,
          -0.014665694,
          0,
          0.3691,
          0.01578023,
          0.9292557,
          0,
          0.6562598,
          0.06347269,
          0.3963641,
          1
        ]
      },
      {
        "date" : 729939031.56884,
        "title" : "Untitled",
        "transform" : [
          0.9293715,
          -1.9518385e-09,
          -0.36914596,
          0,
          -0.0058252057,
          0.9998755,
          -0.014665694,
          0,
          0.3691,
          0.01578023,
          0.9292557,
          0,
          0.9463725,
          0.76282704,
          1.8127081,
          1
        ]
      },
      {
        "date" : 729939023.32499,
        "title" : "Untitled",
        "transform" : [
          0.9293715,
          -1.9518385e-09,
          -0.36914596,
          0,
          -0.0058252057,
          0.9998755,
          -0.014665694,
          0,
          0.3691,
          0.01578023,
          0.9292557,
          0,
          0.6562596,
          0.06347272,
          0.3963639,
          1
        ]
      },
      {
        "date" : 729939012.074024,
        "title" : "Untitled",
        "transform" : [
          0.9293715,
          -1.7190078e-09,
          -0.36914596,
          0,
          -0.005825206,
          0.9998755,
          -0.014665694,
          0,
          0.3691,
          0.01578023,
          0.9292557,
          0,
          0.6921598,
          0.55791783,
          1.3257818,
          1
        ]
      },
      {
        "date" : 729939003.52744,
        "title" : "Untitled",
        "transform" : [
          0.9293715,
          -1.7190078e-09,
          -0.36914596,
          0,
          -0.005825206,
          0.9998755,
          -0.014665694,
          0,
          0.3691,
          0.01578023,
          0.9292557,
          0,
          0.9463725,
          0.762827,
          1.8127081,
          1
        ]
      }
    ],
    "D66134B1-3681-4A8E-AFE5-29F257229F3B" : [
      {
        "date" : 729939182.234359,
        "title" : "Untitled",
        "transform" : [
          0.99999994,
          0,
          0,
          0,
          0,
          0.8660254,
          -0.49999994,
          0,
          0,
          0.49999994,
          0.8660254,
          0,
          0,
          0.18373157,
          0.31843245,
          1
        ]
      },
      {
        "date" : 729939180.673662,
        "title" : "Untitled",
        "transform" : [
          0.99999994,
          0,
          -0,
          0,
          -0,
          0.8660254,
          -0.49999994,
          0,
          0,
          0.49999994,
          0.8660254,
          0,
          0,
          0.21391004,
          0.3707031,
          1
        ]
      }
    ]
  },
  "selectedSceneRelativePath" : "Scene.usda"
}