{
  "advancedEditorSelectedIdentifier" : "ProjectBrowser",
  "openSceneRelativePaths" : [
    "Scene.usda"
  ],
  "recentIdentifiers" : {
    "26DBAE76-5DD8-47B6-A085-1B4ADA111097" : [

    ]
  },
  "sceneCameraHistory" : {
    "9CAAFCB6-A79C-4DA1-8413-79E8C5EC0C60" : [
      {
        "date" : 744518426.126938,
        "title" : "Untitled",
        "transform" : [
          0.99999994,
          0,
          -0,
          0,
          -0,
          0.8660254,
          -0.49999994,
          0,
          0,
          0.49999994,
          0.8660254,
          0,
          0,
          0.21123032,
          0.36586168,
          1
        ]
      }
    ],
    "26DBAE76-5DD8-47B6-A085-1B4ADA111097" : [
      {
        "date" : 744690680.762453,
        "title" : "Untitled",
        "transform" : [
          0.99999994,
          0,
          0,
          0,
          0,
          0.8660254,
          -0.49999994,
          0,
          0,
          0.49999994,
          0.8660254,
          0,
          0.10692813,
          0.23884165,
          1.3783879,
          1
        ]
      },
      {
        "date" : 744690674.093648,
        "title" : "Untitled",
        "transform" : [
          0.99999994,
          0,
          0,
          0,
          0,
          0.8660254,
          -0.49999994,
          0,
          0,
          0.49999994,
          0.8660254,
          0,
          0.019041128,
          0.042531498,
          0.2454551,
          1
        ]
      },
      {
        "date" : 744690664.651745,
        "title" : "Untitled",
        "transform" : [
          0.99999994,
          0,
          0,
          0,
          0,
          0.8660254,
          -0.49999994,
          0,
          0,
          0.49999994,
          0.8660254,
          0,
          0.01778605,
          0.015466307,
          0.18104288,
          1
        ]
      },
      {
        "date" : 744690661.028787,
        "title" : "Untitled",
        "transform" : [
          0.99999994,
          0,
          0,
          0,
          0,
          0.8660254,
          -0.49999994,
          0,
          0,
          0.49999994,
          0.8660254,
          0,
          0.017132495,
          0.02360291,
          0.19172043,
          1
        ]
      },
      {
        "date" : 744690645.552513,
        "title" : "Untitled",
        "transform" : [
          0.99999994,
          0,
          0,
          0,
          0,
          0.8660254,
          -0.49999994,
          0,
          0,
          0.49999994,
          0.8660254,
          0,
          -3.2137302e-07,
          0.2369016,
          0.47162986,
          1
        ]
      },
      {
        "date" : 744523000.32625,
        "title" : "Untitled",
        "transform" : [
          0.99999994,
          0,
          0,
          0,
          0,
          0.8660254,
          -0.49999994,
          0,
          0,
          0.49999994,
          0.8660254,
          0,
          -0.20791812,
          1.0523313,
          1.3352594,
          1
        ]
      },
      {
        "date" : 744518583.516012,
        "title" : "Untitled",
        "transform" : [
          0.99999994,
          0,
          0,
          0,
          0,
          0.8660254,
          -0.49999994,
          0,
          0,
          0.49999994,
          0.8660254,
          0,
          -0.10167074,
          0.514584,
          0.65293443,
          1
        ]
      },
      {
        "date" : 744518563.435864,
        "title" : "Untitled",
        "transform" : [
          0.99999994,
          0,
          0,
          0,
          0,
          0.8660254,
          -0.49999994,
          0,
          0,
          0.49999994,
          0.8660254,
          0,
          0.011314323,
          0.16418019,
          0.31111568,
          1
        ]
      },
      {
        "date" : 744518149.996479,
        "title" : "Untitled",
        "transform" : [
          0.99999994,
          0,
          -0,
          0,
          -0,
          0.8660254,
          -0.49999994,
          0,
          0,
          0.49999994,
          0.8660254,
          0,
          0,
          0.19926961,
          0.3453451,
          1
        ]
      }
    ],
    "76E822E1-0CF6-40B0-8F42-EE7D799512A8" : [
      {
        "date" : 744522900.013683,
        "title" : "Untitled",
        "transform" : [
          0.99999994,
          0,
          -0,
          0,
          -0,
          0.8660254,
          -0.49999988,
          0,
          0,
          0.49999988,
          0.8660254,
          0,
          0,
          0.22019973,
          0.3813972,
          1
        ]
      }
    ]
  },
  "selectedSceneRelativePath" : "Scene.usda"
}