{
  "advancedEditorSelectedIdentifier" : "ProjectBrowser",
  "openSceneRelativePaths" : [
    "Scene.usda",
    "ImmersiveScene.usda"
  ],
  "recentIdentifiers" : {

  },
  "sceneCameraHistory" : {
    "90C576A0-F90A-43B8-9998-14918A66F863" : [
      {
        "date" : 744523861.095215,
        "title" : "Untitled",
        "transform" : [
          1,
          0,
          -0,
          0,
          -0,
          0.8660253,
          -0.5000002,
          0,
          0,
          0.5000002,
          0.8660253,
          0,
          0,
          0.44040295,
          0.76280034,
          1
        ]
      }
    ],
    "3333F896-FC1A-4AE0-9D87-09969BC58974" : [
      {
        "date" : 744690348.504253,
        "title" : "Untitled",
        "transform" : [
          0.99998415,
          -6.03927e-08,
          -0.005626673,
          0,
          -0.0021702624,
          0.92261606,
          -0.38571352,
          0,
          0.0051912824,
          0.3857196,
          0.9226014,
          0,
          -0.5133604,
          2.1313915,
          -1.8378438,
          1
        ]
      },
      {
        "date" : 744690345.663223,
        "title" : "Untitled",
        "transform" : [
          0.99998415,
          -6.08755e-08,
          -0.0056266747,
          0,
          -0.0021702626,
          0.92261606,
          -0.38571352,
          0,
          0.005191284,
          0.3857196,
          0.9226014,
          0,
          -0.3787184,
          1.5044235,
          -1.4910191,
          1
        ]
      },
      {
        "date" : 744536928.378756,
        "title" : "Untitled",
        "transform" : [
          0.99998415,
          -6.08755e-08,
          -0.0056266747,
          0,
          -0.0021702626,
          0.92261606,
          -0.38571352,
          0,
          0.005191284,
          0.3857196,
          0.9226014,
          0,
          -0.50548905,
          2.008008,
          -1.9901168,
          1
        ]
      },
      {
        "date" : 744536924.894191,
        "title" : "Untitled",
        "transform" : [
          0.99998415,
          -6.096977e-08,
          -0.005626675,
          0,
          -0.0021702603,
          0.92261606,
          -0.38571352,
          0,
          0.005191289,
          0.38571963,
          0.9226014,
          0,
          -3.5458324,
          -0.21310097,
          -9.221478,
          1
        ]
      },
      {
        "date" : 744534449.472245,
        "title" : "Untitled",
        "transform" : [
          0.99998415,
          -6.096977e-08,
          -0.005626675,
          0,
          -0.0021702603,
          0.92261606,
          -0.38571352,
          0,
          0.005191289,
          0.38571963,
          0.9226014,
          0,
          -0.28853735,
          2.3147,
          -1.6278586,
          1
        ]
      },
      {
        "date" : 744533856.331077,
        "title" : "Untitled",
        "transform" : [
          0.99998415,
          -6.096977e-08,
          -0.005626675,
          0,
          -0.0021702603,
          0.92261606,
          -0.38571352,
          0,
          0.005191289,
          0.38571963,
          0.9226014,
          0,
          -0.2546696,
          2.363942,
          -1.5696275,
          1
        ]
      },
      {
        "date" : 744533281.834875,
        "title" : "Untitled",
        "transform" : [
          0.99998415,
          -6.096977e-08,
          -0.005626675,
          0,
          -0.0021702603,
          0.92261606,
          -0.38571352,
          0,
          0.005191289,
          0.38571963,
          0.9226014,
          0,
          0.020006306,
          2.7633135,
          -1.0973582,
          1
        ]
      },
      {
        "date" : 744533278.28206,
        "title" : "Untitled",
        "transform" : [
          0.99998415,
          -6.096977e-08,
          -0.005626675,
          0,
          -0.0021702603,
          0.92261606,
          -0.38571352,
          0,
          0.005191289,
          0.38571963,
          0.9226014,
          0,
          0.019335687,
          2.713486,
          -1.2165449,
          1
        ]
      },
      {
        "date" : 744533270.395221,
        "title" : "Untitled",
        "transform" : [
          0.9975451,
          -6.096835e-08,
          0.07002721,
          0,
          0.024694942,
          0.9357565,
          -0.35178125,
          0,
          -0.065528385,
          0.35264698,
          0.9334592,
          0,
          0.38847545,
          2.6850529,
          -1.1240015,
          1
        ]
      },
      {
        "date" : 744533252.977079,
        "title" : "Untitled",
        "transform" : [
          0.9999459,
          -6.1739755e-08,
          0.01040556,
          0,
          0.0029795854,
          0.95812815,
          -0.28632432,
          0,
          -0.009969843,
          0.28633982,
          0.9580763,
          0,
          -0.51617527,
          2.1168916,
          -1.8257406,
          1
        ]
      }
    ]
  },
  "selectedSceneRelativePath" : "ImmersiveScene.usda"
}