{
  "advancedEditorSelectedIdentifier" : "ProjectBrowser",
  "openSceneRelativePaths" : [
    "Scene.usda",
    "ImmersiveScene.usda"
  ],
  "recentIdentifiers" : {

  },
  "sceneCameraHistory" : {
    "90C576A0-F90A-43B8-9998-14918A66F863" : [
      {
        "date" : 730014699.09691,
        "title" : "Untitled",
        "transform" : [
          1,
          0,
          0,
          0,
          0,
          0.8660253,
          -0.50000006,
          0,
          0,
          0.50000006,
          0.8660253,
          0,
          0,
          1.1120211,
          1.9704555,
          1
        ]
      },
      {
        "date" : 730006988.067757,
        "title" : "Untitled",
        "transform" : [
          1,
          0,
          0,
          0,
          0,
          0.8660253,
          -0.50000006,
          0,
          0,
          0.50000006,
          0.8660253,
          0,
          0,
          0.44352788,
          0.78591305,
          1
        ]
      },
      {
        "date" : 730005648.785243,
        "title" : "Untitled",
        "transform" : [
          1,
          0,
          -0,
          0,
          -0,
          0.8660253,
          -0.50000006,
          0,
          0,
          0.50000006,
          0.8660253,
          0,
          0,
          0.062955424,
          0.12674233,
          1
        ]
      },
      {
        "date" : 730005576.998497,
        "title" : "Untitled",
        "transform" : [
          1,
          0,
          0,
          0,
          0,
          0.8660253,
          -0.50000006,
          0,
          0,
          0.50000006,
          0.8660253,
          0,
          0,
          0.13725989,
          0.2377411,
          1
        ]
      },
      {
        "date" : 730003818.017994,
        "title" : "Untitled",
        "transform" : [
          1,
          0,
          -0,
          0,
          -0,
          0.8660253,
          -0.50000006,
          0,
          0,
          0.50000006,
          0.8660253,
          0,
          0,
          0.42708805,
          0.7397383,
          1
        ]
      }
    ],
    "635257F6-7233-44C1-8D97-25CD802FA768" : [
      {
        "date" : 730014688.139175,
        "title" : "Untitled",
        "transform" : [
          0.99999994,
          0,
          0,
          0,
          0,
          0.8660254,
          -0.49999994,
          0,
          0,
          0.49999994,
          0.8660254,
          0,
          -0.042417377,
          0.60383433,
          0.94548666,
          1
        ]
      },
      {
        "date" : 730007073.938875,
        "title" : "Untitled",
        "transform" : [
          0.99999994,
          0,
          0,
          0,
          0,
          0.8660254,
          -0.49999994,
          0,
          0,
          0.49999994,
          0.8660254,
          0,
          -0.042417377,
          0.59230024,
          0.9255091,
          1
        ]
      },
      {
        "date" : 730007060.661153,
        "title" : "Untitled",
        "transform" : [
          0.99999994,
          0,
          0,
          0,
          0,
          0.8660254,
          -0.49999994,
          0,
          0,
          0.49999994,
          0.8660254,
          0,
          0.25323188,
          0.64405257,
          0.89562994,
          1
        ]
      },
      {
        "date" : 730007057.897707,
        "title" : "Untitled",
        "transform" : [
          0.99999994,
          0,
          0,
          0,
          0,
          0.8660254,
          -0.49999994,
          0,
          0,
          0.49999994,
          0.8660254,
          0,
          0.6518944,
          0.7988331,
          0.8062671,
          1
        ]
      },
      {
        "date" : 730007029.31336,
        "title" : "Untitled",
        "transform" : [
          0.99999994,
          0,
          0,
          0,
          0,
          0.8660254,
          -0.49999994,
          0,
          0,
          0.49999994,
          0.8660254,
          0,
          0.4996143,
          0.38102844,
          0.086257756,
          1
        ]
      },
      {
        "date" : 730007020.913712,
        "title" : "Untitled",
        "transform" : [
          0.99999994,
          0,
          0,
          0,
          0,
          0.8660254,
          -0.49999994,
          0,
          0,
          0.49999994,
          0.8660254,
          0,
          0.49994949,
          0.22372262,
          -0.16248772,
          1
        ]
      },
      {
        "date" : 730007010.016833,
        "title" : "Untitled",
        "transform" : [
          0.99999994,
          0,
          -0,
          0,
          -0,
          0.8660254,
          -0.49999994,
          0,
          0,
          0.49999994,
          0.8660254,
          0,
          0.4996722,
          0.35393012,
          0.043408185,
          1
        ]
      },
      {
        "date" : 730006921.205175,
        "title" : "Untitled",
        "transform" : [
          0.99999994,
          0,
          0,
          0,
          0,
          0.8660254,
          -0.49999994,
          0,
          0,
          0.49999994,
          0.8660254,
          0,
          0.49955356,
          0.38017753,
          0.45839,
          1
        ]
      },
      {
        "date" : 730006918.664908,
        "title" : "Untitled",
        "transform" : [
          0.99999994,
          0,
          -0,
          0,
          -0,
          0.8660254,
          -0.49999994,
          0,
          0,
          0.49999994,
          0.8660254,
          0,
          0.4996722,
          0.32446074,
          0.37028563,
          1
        ]
      },
      {
        "date" : 730006916.701974,
        "title" : "Untitled",
        "transform" : [
          0.99999994,
          0,
          0,
          0,
          0,
          0.8660254,
          -0.49999994,
          0,
          0,
          0.49999994,
          0.8660254,
          0,
          0.01937753,
          0.3793058,
          0.5681092,
          1
        ]
      }
    ]
  },
  "selectedSceneRelativePath" : "ImmersiveScene.usda"
}